[
  [1, 0.6787, -0.9345, -0.9585, -0.5608, 0.9717, 0.3413, -0.8785, 0.8097, 0.7968, 0.1544, 0.9213, 0.9709, 0.9787, 0.9035, -0.2666, -0.9354, -0.7304, 0.8291, 0.9688, 0.8753, 0.3409],
  [0.6787, 1, -0.7079, -0.6409, -0.5186, 0.6985, -0.0265, -0.5314, 0.7597, 0.3641, 0.3977, 0.6787, 0.6472, 0.6658, 0.4917, -0.4572, -0.5661, -0.5045, 0.7146, 0.6453, 0.6177, -0.1954],
  [-0.9345, -0.7079, 1, 0.9493, 0.5893, -0.9588, -0.0703, 0.8346, -0.9312, -0.6028, -0.2824, -0.9822, -0.9487, -0.9708, -0.8273, 0.5555, 0.9492, 0.6779, -0.9438, -0.9224, -0.8362, -0.1441],
  [-0.9585, -0.6409, 0.9493, 1, 0.6663, -0.9669, -0.3108, 0.9337, -0.8435, -0.7553, -0.0442, -0.9645, -0.9846, -0.9628, -0.9349, 0.3611, 0.943, 0.8017, -0.8912, -0.9218, -0.9146, -0.309],
  [-0.5608, -0.5186, 0.5893, 0.6663, 1, -0.5959, -0.4486, 0.8042, -0.562, -0.5983, 0.3866, -0.613, -0.702, -0.5564, -0.7527, 0.1584, 0.5401, 0.8873, -0.6779, -0.5089, -0.8332, 0.0229],
  [0.9717, 0.6985, -0.9588, -0.9669, -0.5959, 1, 0.2401, -0.8876, 0.8671, 0.7099, 0.1952, 0.949, 0.9649, 0.9684, 0.874, -0.41, -0.9476, -0.7165, 0.9054, 0.9379, 0.8753, 0.2166],
  [0.3413, -0.0265, -0.0703, -0.3108, -0.4486, 0.2401, 1, -0.5267, -0.1466, 0.787, -0.7221, 0.087, 0.3583, 0.2067, 0.5798, 0.7106, -0.164, -0.6264, -0.0217, 0.2573, 0.5019, 0.4703],
  [-0.8785, -0.5314, 0.8346, 0.9337, 0.8042, -0.8876, -0.5267, 1, -0.717, -0.8345, 0.2392, -0.8577, -0.9427, -0.8611, -0.9753, 0.1749, 0.852, 0.9067, -0.8091, -0.8274, -0.9687, -0.2837],
  [0.8097, 0.7597, -0.9312, -0.8435, -0.562, 0.8671, -0.1466, -0.717, 1, 0.3623, 0.4026, 0.9313, 0.8307, 0.8652, 0.6686, -0.7336, -0.8561, -0.5521, 0.9447, 0.8051, 0.7356, -0.0412],
  [0.7968, 0.3641, -0.6028, -0.7553, -0.5983, 0.7099, 0.787, -0.8345, 0.3623, 1, -0.3737, 0.6049, 0.7933, 0.71, 0.8954, 0.2821, -0.6498, -0.8266, 0.4786, 0.7251, 0.8129, 0.5261],
  [0.1544, 0.3977, -0.2824, -0.0442, 0.3866, 0.1952, -0.7221, 0.2392, 0.4026, -0.3737, 1, 0.2012, 0.0235, 0.2246, -0.2574, -0.6085, -0.212, 0.4279, 0.2533, 0.2323, -0.2004, -0.3002],
  [0.9213, 0.6787, -0.9822, -0.9645, -0.613, 0.949, 0.087, -0.8577, 0.9313, 0.6049, 0.2012, 1, 0.9492, 0.9537, 0.849, -0.563, -0.9404, -0.7072, 0.9444, 0.8951, 0.8497, 0.1945],
  [0.9709, 0.6472, -0.9487, -0.9846, -0.702, 0.9649, 0.3583, -0.9427, 0.8307, 0.7933, 0.0235, 0.9492, 1, 0.9636, 0.9524, -0.3154, -0.9392, -0.8287, 0.8811, 0.9344, 0.9366, 0.3033],
  [0.9787, 0.6658, -0.9708, -0.9628, -0.5564, 0.9684, 0.2067, -0.8611, 0.8652, 0.71, 0.2246, 0.9537, 0.9636, 1, 0.8702, -0.3886, -0.971, -0.6818, 0.8805, 0.974, 0.8503, 0.2828],
  [0.9035, 0.4917, -0.8273, -0.9349, -0.7527, 0.874, 0.5798, -0.9753, 0.6686, 0.8954, -0.2574, 0.849, 0.9524, 0.8702, 1, -0.0904, -0.8481, -0.911, 0.7529, 0.8475, 0.9547, 0.4134],
  [-0.2666, -0.4572, 0.5555, 0.3611, 0.1584, -0.41, 0.7106, 0.1749, -0.7336, 0.2821, -0.6085, -0.563, -0.3154, -0.3886, -0.0904, 1, 0.436, 0.0207, -0.6639, -0.298, -0.1898, 0.3958],
  [-0.9354, -0.5661, 0.9492, 0.943, 0.5401, -0.9476, -0.164, 0.852, -0.8561, -0.6498, -0.212, -0.9404, -0.9392, -0.971, -0.8481, 0.436, 1, 0.6243, -0.8881, -0.9571, -0.8105, -0.2936],
  [-0.7304, -0.5045, 0.6779, 0.8017, 0.8873, -0.7165, -0.6264, 0.9067, -0.5521, -0.8266, 0.4279, -0.7072, -0.8287, -0.6818, -0.911, 0.0207, 0.6243, 1, -0.6749, -0.6333, -0.9223, -0.2392],
  [0.8291, 0.7146, -0.9438, -0.8912, -0.6779, 0.9054, -0.0217, -0.8091, 0.9447, 0.4786, 0.2533, 0.9444, 0.8811, 0.8805, 0.7529, -0.6639, -0.8881, -0.6749, 1, 0.8141, 0.8074, -0.0295],
  [0.9688, 0.6453, -0.9224, -0.9218, -0.5089, 0.9379, 0.2573, -0.8274, 0.8051, 0.7251, 0.2323, 0.8951, 0.9344, 0.974, 0.8475, -0.298, -0.9571, -0.6333, 0.8141, 1, 0.8047, 0.331],
  [0.8753, 0.6177, -0.8362, -0.9146, -0.8332, 0.8753, 0.5019, -0.9687, 0.7356, 0.8129, -0.2004, 0.8497, 0.9366, 0.8503, 0.9547, -0.1898, -0.8105, -0.9223, 0.8074, 0.8047, 1, 0.1892],
  [0.3409, -0.1954, -0.1441, -0.309, 0.0229, 0.2166, 0.4703, -0.2837, -0.0412, 0.5261, -0.3002, 0.1945, 0.3033, 0.2828, 0.4134, 0.3958, -0.2936, -0.2392, -0.0295, 0.331, 0.1892, 1]
]
